# generated by Slic3r 1.2.9 on Thu Aug 13 16:08:51 2015
bed_shape = 200.01x-0.00091,200.012x0.005409,200.01x0.006186,200.01x199.994,200.012x199.995,200.01x200.001,200.011x200.017,200.01x200.016,199.998x200.01,199.991x200.01,199.99x200.01,189.99x200.01,189.99x195.01,170.01x195.01,170.01x199.99,170.01x199.99,170.01x200,170.01x200.01,170x200.01,29.99x200.01,29.99x195.01,10.01x195.01,10.01x200.01,0.009509x200.01,0.009496x200.01,0.002241x200.01,-0.010875x200.017,-0.010069x200.001,-0.011561x199.995,-0.01001x199.994,-0.01001x0.006186,-0.011561x0.005409,-0.010069x-0.00091,-0.010875x-0.016628,0.002241x-0.01007,0.009496x-0.010256,0.009509x-0.01001,10.01x-0.01001,10.01x4.98999,29.99x4.98999,29.99x-0.01001,170x-0.01001,170.01x-0.010373,170.01x-8.9e-05,170.01x0.009652,170.01x0.009658,170.01x4.98999,189.99x4.98999,189.99x-0.01001,199.99x-0.01001,199.991x-0.010256,199.998x-0.01007,200.01x-0.016188,200.011x-0.016628
before_layer_gcode = 
end_gcode = M104 S0 ; turn off temperature\nM140 S0 ; turn off heatbed\nG28 X0  ; home X axis\nM84     ; disable motors
extruder_offset = 0x0
gcode_flavor = reprap
layer_gcode = 
nozzle_diameter = 0.4
octoprint_apikey = 
octoprint_host = 
pressure_advance = 0.035
retract_before_travel = 1
retract_layer_change = 1
retract_length = 1.5
retract_length_toolchange = 3
retract_lift = 0
retract_restart_extra = 0
retract_restart_extra_toolchange = 0
retract_speed = 30
start_gcode = M201 X1000 Y1000 E80\nM109 S[first_layer_temperature]\nM92 E161.3\nG28\nG92 E0.0\nG1 X8.0 F2000\nG1 Y60.0 E4.0  F1000.0\nG1 Y100.0 E8.5  F1000.0\nG92 E0.0
toolchange_gcode = 
use_firmware_retraction = 0
use_relative_e_distances = 1
use_volumetric_e = 0
vibration_limit = 0
wipe = 0
z_offset = 0
